../../../../.git/annex/objects/7W/71/MD5E-s7349--171737fc3a8dbfc3c2ab1b7dbb492944.tsv/MD5E-s7349--171737fc3a8dbfc3c2ab1b7dbb492944.tsv