../../../../.git/annex/objects/vZ/v7/MD5E-s3923524--f1a3f241cb1334be2b24a1ee201c21bf.tsv/MD5E-s3923524--f1a3f241cb1334be2b24a1ee201c21bf.tsv