../../../../.git/annex/objects/zm/Gj/MD5E-s20947783--b5c27369e0dd8c38f232d71185b9b3bc.tsv/MD5E-s20947783--b5c27369e0dd8c38f232d71185b9b3bc.tsv