../../../../.git/annex/objects/JP/vg/MD5E-s3912060--112ca7ed92716c7d24ba2b8c8da4bf60.tsv/MD5E-s3912060--112ca7ed92716c7d24ba2b8c8da4bf60.tsv