../../../../.git/annex/objects/4k/qZ/MD5E-s7365--666c086ab47c91c56ce54d3115b9e432.tsv/MD5E-s7365--666c086ab47c91c56ce54d3115b9e432.tsv