../../../../.git/annex/objects/44/M8/MD5E-s7367--31609199d4c132836e296ee00d6677fb.tsv/MD5E-s7367--31609199d4c132836e296ee00d6677fb.tsv