../../../../.git/annex/objects/GM/vw/MD5E-s2290126--7b1c5d951f1c0b79ffc7a7a3ba7ba1e6.tsv/MD5E-s2290126--7b1c5d951f1c0b79ffc7a7a3ba7ba1e6.tsv