../../../../.git/annex/objects/pM/kg/MD5E-s2296984--135fd9daaa1a5c211014f3ea0ef8117d.tsv/MD5E-s2296984--135fd9daaa1a5c211014f3ea0ef8117d.tsv