../../../../.git/annex/objects/FJ/9Q/MD5E-s1251--b1f65030646a14b39c9d97217ec6d5c8.tsv/MD5E-s1251--b1f65030646a14b39c9d97217ec6d5c8.tsv