../../../../.git/annex/objects/v2/VM/MD5E-s1245--63eae05a161004f6de8472a93047f903.tsv/MD5E-s1245--63eae05a161004f6de8472a93047f903.tsv