../../../../.git/annex/objects/xK/WK/MD5E-s42375--b8ed707e6dd781a51cc04f120d2ac83e.tsv/MD5E-s42375--b8ed707e6dd781a51cc04f120d2ac83e.tsv