../../../../.git/annex/objects/pg/7V/MD5E-s7375--13658bdb1118247e64e4b75ff88461d4.tsv/MD5E-s7375--13658bdb1118247e64e4b75ff88461d4.tsv