../../../../.git/annex/objects/VV/W6/MD5E-s7337--ee25d00c00df90f3228edc5d82b0e439.tsv/MD5E-s7337--ee25d00c00df90f3228edc5d82b0e439.tsv