../../../../.git/annex/objects/px/GM/MD5E-s824018--caccebba7487f3f7972f6b7d8a51834a.tsv/MD5E-s824018--caccebba7487f3f7972f6b7d8a51834a.tsv