../../../../.git/annex/objects/WF/qm/MD5E-s25395562--d5846cbc9705f85bc7897c7775acaf12.tsv/MD5E-s25395562--d5846cbc9705f85bc7897c7775acaf12.tsv