../../../../.git/annex/objects/26/fQ/MD5E-s1015852--26174a66228171e4cd456a10baa70738.tsv/MD5E-s1015852--26174a66228171e4cd456a10baa70738.tsv