../../../../.git/annex/objects/9f/pV/MD5E-s7331--2d19834ab41a6d100061d6ab4930da3a.tsv/MD5E-s7331--2d19834ab41a6d100061d6ab4930da3a.tsv