../../../../.git/annex/objects/7W/jm/MD5E-s1018916--f14064a752204edc024e591347474a18.tsv/MD5E-s1018916--f14064a752204edc024e591347474a18.tsv