../../../../.git/annex/objects/kJ/4V/MD5E-s7359--97154be5abe86ee63da714cc3e3c6bd2.tsv/MD5E-s7359--97154be5abe86ee63da714cc3e3c6bd2.tsv