../../../../.git/annex/objects/V0/6p/MD5E-s25197448--b3e151053154fc597fa2c731bce6282c.tsv/MD5E-s25197448--b3e151053154fc597fa2c731bce6282c.tsv