../../../../.git/annex/objects/xK/w5/MD5E-s4072512--93bff9abbfe28722acc69727a061a229.tsv/MD5E-s4072512--93bff9abbfe28722acc69727a061a229.tsv