../../../../.git/annex/objects/4v/ZG/MD5E-s42799--df43fa737390b540be33954836fb57e7.tsv/MD5E-s42799--df43fa737390b540be33954836fb57e7.tsv