../../../../.git/annex/objects/Q6/0M/MD5E-s3922080--86908caba2ed73bf1a991a36259dbfbf.tsv/MD5E-s3922080--86908caba2ed73bf1a991a36259dbfbf.tsv