../../../../.git/annex/objects/QM/15/MD5E-s343238--7713fae2377d1ce5fe2408b3c5ae4fd1.tsv/MD5E-s343238--7713fae2377d1ce5fe2408b3c5ae4fd1.tsv