../../../../.git/annex/objects/k4/Gj/MD5E-s7343--3f71f91b26c62a2749fbcccb35009358.tsv/MD5E-s7343--3f71f91b26c62a2749fbcccb35009358.tsv