../../../../.git/annex/objects/g2/16/MD5E-s7283--4e59491e00173272355df4d08c6fffd8.tsv/MD5E-s7283--4e59491e00173272355df4d08c6fffd8.tsv