../../../../.git/annex/objects/pV/pw/MD5E-s3901564--33067acd2a1087bd0c9c54612d757698.tsv/MD5E-s3901564--33067acd2a1087bd0c9c54612d757698.tsv