../../../../.git/annex/objects/GV/Fx/MD5E-s25448093--b84c684479b789ffaf10f7104e8b8121.tsv/MD5E-s25448093--b84c684479b789ffaf10f7104e8b8121.tsv