../../../../.git/annex/objects/z9/5G/MD5E-s4065986--34562ab291b0c027d15f021e805fce51.tsv/MD5E-s4065986--34562ab291b0c027d15f021e805fce51.tsv