../../../../.git/annex/objects/J8/pz/MD5E-s269573--0582b3a5f25c8c80e628abdf94ebf776.tsv/MD5E-s269573--0582b3a5f25c8c80e628abdf94ebf776.tsv