../../../../.git/annex/objects/ff/zj/MD5E-s7365--3985ad232059955a9eb02528fd672122.tsv/MD5E-s7365--3985ad232059955a9eb02528fd672122.tsv