../../../../.git/annex/objects/JJ/pp/MD5E-s4083572--281f4a3462d0638e37d408eac13a0a40.tsv/MD5E-s4083572--281f4a3462d0638e37d408eac13a0a40.tsv