../../../../.git/annex/objects/zf/vw/MD5E-s20930215--3b71dd44b5fd908952d44859ecb11793.tsv/MD5E-s20930215--3b71dd44b5fd908952d44859ecb11793.tsv