../../../../.git/annex/objects/FP/qv/MD5E-s7345--24c2b9ddb8149ed3aec7ac7e9ff070f2.tsv/MD5E-s7345--24c2b9ddb8149ed3aec7ac7e9ff070f2.tsv