../../../../.git/annex/objects/91/v7/MD5E-s826195--131b2a80a92e63784e628c0657a09b28.tsv/MD5E-s826195--131b2a80a92e63784e628c0657a09b28.tsv