../../../../.git/annex/objects/Z0/F7/MD5E-s3912140--cde9640c1261840cac025fee9af930da.tsv/MD5E-s3912140--cde9640c1261840cac025fee9af930da.tsv